# 10000[us], 4096, 0
1018672.5048551474
1020390.2858864976
1056408.7056085274
1073188.4483482728
1098111.5131959163
1105440.4298040618
1105484.5177164965
1117981.8013918432
1123050.643397419
1185056.2826357598
1187534.940720466
1192062.0165785237
1213912.891902802
1236487.5978565142
1238509.6585457332
1238626.104716196
1249635.866570297
1250743.0067201427
1253566.9146379197
1257308.641408734
1271005.2963969894
1290760.0804407783
1303259.8500944038
1309573.712832799
1312889.4606903312
1313710.3170654683
1328658.1956319322
1331095.00863838
1343626.4517886764
1349398.3058091332
1355962.5696472046
1361608.2998563417
1373165.292624655
1373545.7036818662
1374146.2721706384
1375469.4690808745
1406395.8104445788
1407908.4943473209
1411048.3387277944
1411678.7690918446
1435537.8261145789
1445381.9248632316
1453711.9752639472
1456595.6395950061
1462273.5652926094
1470676.8761556414
1475847.8971027331
1476704.1961629528
1513354.4433281957
1552332.2716784093
1558359.2571184067
1560749.7122383195
1563118.057531315
1590295.5337941346
1600352.889087103
1605813.9965856608
1610177.451538236
1618264.5583610046
1619424.3207129426
1632825.3061064652
1637673.9740787717
1643391.060820825
1656785.4076631556
1659125.9994944413
1663528.6492127276
1677530.9118377785
1695191.9178280951
1720921.6080725433
1724578.0493710665
1743936.1996357418
1745534.0351550374
1775291.782913178
1776397.1830647942
1781434.2687700286
1781722.4377865833
1795449.1485842553
1800645.6257862495
1810917.4659208758
1813924.976222243
1815357.3262947453
1824082.4301689614
1825164.4965959475
1841018.9948115286
1857242.255005712
1883062.8647948222
1900593.2875300662
1904317.4296083867
1924796.1685928379
1925296.1375474222
1932121.4410360283
1954561.8056123103
1956150.3880636985
1980038.2985200624
1981224.920548028
1984173.8565228211
1993696.8056097897
1997013.113963679
2005749.9331265036
2043639.2364203993
2044609.7227536344
2052634.0082871171
2057850.7851812786
2095117.480676777
2107873.173168465
2133085.0287026786
2145054.769400441
2160074.416433631
2160386.317122347
2176174.298966154
2179954.7136312816
2181056.7604684704
2181885.7125537246
2206258.137290745
2206945.0166931376
2208025.654151645
2209028.2303283103
2213891.120626243
2243071.784020507
2255373.7221853174
2264511.7551554926
2301463.135376986
2312926.7112107556
2313281.6910333233
2313454.2000451926
2316365.6626536446
2328729.4617489623
2331718.458438738
2354960.3227587617
2362865.9001184097
2380260.5059610642
2388799.319321396
2393445.299339411
2399282.1852007536
2399839.4936754243
2406362.8482622374
2406448.2726073996
2411006.3938041185
2417742.086817816
2437292.581515884
2443953.2535664337
2450119.443334877
2450252.9028294124
2450782.7274379046
2456725.504163058
2465438.739943147
2472450.6925878003
2472625.7421310134
2475742.8371014465
2477865.564033384
2506902.4378208946
2520087.027881072
2530975.7124592317
2536663.3606012673
2543540.9839635994
2549284.219399657
2562249.0390583277
2577873.7446015403
2580821.4031301187
2581076.1759190937
2587412.125034427
2595825.108922518
2601281.925841546
2608440.0031568836
2644608.6018053205
2656583.793077884
2656912.680027483
2662925.782636015
2697619.048698135
2711268.30680598
2713614.148556744
2719663.125279191
2721476.0626122793
2740902.4791053133
2749473.579535913
2756052.1640280047
2778582.2143009687
2792506.83588956
2803046.7817697944
2804705.567937682
2806018.436935252
2822308.0546956314
2826984.894297893
2833646.225820309
2851908.2950810255
2855610.640992921
2857151.160935501
2878008.8062098287
2899036.8875315064
2906432.728568256
2918904.8573773815
2926895.1042041793
2938869.131325948
2965417.0601978437
2967053.780043562
2978135.080948855
2987428.3104442875
2989363.1642403984
3000912.4624005836
3008673.378199223
3012405.295815972
3022827.8377469475
3030866.9862368996
3038504.747545707
3041003.8764484134
3042046.1255070153
3056962.443916772
3076022.504888832
3078643.326686698
3082926.1632081424
3083498.1844764715
3091132.5888225455
3093846.459830515
3097688.3617633176
3104337.46121636
3107559.3974441784
3124047.2448375775
3129368.2680815505
3136231.801595168
3140573.4334314913
3170718.2853187085
3173515.800728324
3181048.2663767645
3188392.042481694
3189963.0835274593
3191522.0918059554
3201856.342785198
3208173.358512992
3208718.418587598
3209694.7061818447
3210072.650133815
3216157.6273983913
3230315.5507846526
3252676.108418383
3260787.032298261
3273711.5466899746
3276515.4476173874
3285614.7934303726
3287870.885744655
3288973.8417983693
3313841.0205632634
3322248.9729426764
3326121.9051187932
3330904.8456236767
3343774.8359651095
3381416.684346665
3385694.2925966703
3417291.788626312
3454255.665819257
3455159.1174577116
3468805.2415045216
3472982.2334320275
3485392.511518886
3487292.3135548625
3487916.704342677
3488496.7149485745
3516598.729290947
3537370.342242682
3550053.463340699
3571052.483642952
3573712.561619778
3575117.5905781244
3580814.0987912794
3603584.157411048
3620135.1247550505
3626700.0521259275
3632822.3127956833
3634002.034147201
3650128.90428646
3661584.840029163
3662086.0716620423
3667337.7841223152
3672822.2700079093
3692272.7079239553
3698106.783593672
3712214.7481219987
3724421.4194726706
3734862.7458144017
3738780.500237085
3770013.0787441065
3786103.1852617646
3797279.2495998736
3816517.027900068
3833392.322208696
3837572.9086853187
3848348.068006727
3848680.312994178
3868072.649014574
3873389.801646044
3876104.4766650936
3876744.574876512
3886423.1170639074
3887341.845732451
3893333.477143987
3894036.6697203917
3903493.964189297
3910322.3569493494
3914183.909177731
3917035.6212842814
3917907.595210481
3926396.9323487002
3962794.2733762283
3963607.5814559474
3963877.239754266
3966670.6529199453
3990735.027774395
4010133.390589122
4012640.360949802
4029929.3455345714
4031437.004937474
4061923.9715883206
4073931.717971634
4105055.588167218
4117794.1217398415
4129880.7785071856
4134628.6251672
4138580.5314221904
4144068.064370705
4153522.460291796
4157621.6514199725
4166266.0789777506
4177653.890764745
4178863.330549113
4183716.8877685913
4185908.607202637
4191206.054751318
4198537.504319562
4207766.637728912
4213416.634620207
4214658.063039095
4222334.46449351
4223685.009678601
4225198.456189641
4229593.454558718
4233307.885808257
4251785.457937343
4252341.882107433
4269886.476351951
4284706.93990291
4286169.787975088
4294006.328173771
4308632.401828906
4313990.454886692
4317269.988260473
4322071.60982058
4332332.924114668
4334831.016117471
4335916.93237651
4342982.758461885
4344649.383155874
4368641.8877292145
4370081.556114156
4370311.877591564
4373145.185956052
4384958.1751060905
4398946.482875716
4409548.501880573
4411279.92055826
4411629.983919916
4412360.382149609
4425920.15189192
4429692.689905352
4433353.232777478
4438896.855665565
4444196.766649464
4457288.760946399
4463426.691931437
4465943.384683501
4474491.6505899355
4475670.107656268
4500716.075121724
4533796.737214671
4534067.262327505
4537810.869157198
4545483.909825456
4551369.129712039
4558255.072632312
4572166.1903289715
4579515.137500816
4584277.029924384
4599016.646168985
4599246.48487536
4608759.59937047
4616720.41923574
4617665.904404803
4617934.4292078605
4619125.744753987
4632849.955715638
4641377.825659629
4648480.478318119
4666873.162642869
4672945.329899248
4694955.154101219
4700066.711064862
4719564.631049339
4721668.464522136
4734303.028572831
4749699.003172463
4759931.323733827
4764066.503695967
4790472.416846351
4803418.669575951
4804950.181428138
4810736.836107286
4829721.591624415
4848200.6999702975
4863083.559055818
4880774.056739096
4883861.282354093
4936223.684673737
4941734.347212008
4946667.850121397
4953016.354962341
4978411.792109728
4989242.9283296615
4993014.454370021
4993192.490071913
4996932.97880068
4997376.501100448
5011902.05362372
5016176.195775593
5031107.852638954
5037323.504909571
5043349.300036343
5047568.440749304
5065546.391843919
5067475.071999717
5081280.124873611
5088530.389737667
5090537.050306634
5093474.730872734
5124649.972178178
5131488.920126491
5151218.948151378
5153029.85998282
5166983.059200663
5176386.8404776165
5180157.663068736
5183512.149060824
5190246.288460187
5190782.860685183
5196839.083552006
5227030.335467324
5236251.475954619
5238914.134722386
5239246.9947158005
5243591.650929615
5251586.716009981
5279807.688881469
5290108.327782484
5292354.194379982
5319156.521422005
5326699.844220748
5329729.03907104
5350360.289065173
5354385.012183009
5359307.531914506
5364587.7241238905
5390405.584463408
5409074.261729817
5413855.368444787
5438683.296514055
5462137.690102777
5476039.972749087
5479174.42951553
5483639.736593675
5485539.840759694
5514548.322405668
5518591.062509535
5537807.361544506
5537897.797261038
5543002.1257031085
5547456.478750121
5557290.264415116
5580680.099747994
5584964.584429668
5585331.599692682
5586354.876759697
5586832.588249307
5610202.01909976
5625096.709681408
5644611.501019291
5651057.096471826
5657324.296082103
5698766.979876483
5707692.960472194
5714016.0472097285
5727691.787366476
5734560.450064377
5739577.258429456
5739821.165331935
5749966.855962448
5761822.645340694
5762472.382537827
5775812.9062264655
5785855.143102697
5802077.998659195
5819446.1327515105
5828911.633164873
5857215.649915798
5885986.516890816
5903805.459023199
5903995.205717316
5904886.649545636
5927159.161485333
5937666.744676927
5952412.061368243
5964709.351198013
5976955.398693712
5985462.426085404
5993473.3931200085
5993676.886090221
5994018.325500562
5994608.808043863
6005059.259974202
6015660.316708718
6028247.040888806
6056022.525703253
6066109.930013259
6074390.2855469575
6074933.2758293515
6106933.807200353
6111230.9392024325
6113676.508370051
6115791.501796947
6118078.323336689
6123326.180551489
6136380.00093343
6139401.672981335
6142431.604943376
6142824.0063960925
6171093.302796854
6171631.005285035
6191368.358900855
6193236.73644093
6193589.690545312
6202352.935880915
6204753.8934942465
6207767.270546165
6219044.016154607
6256641.076540424
6271308.433390573
6285004.003937711
6291169.370420997
6292170.89930309
6301179.483231149
6319548.755702139
6323780.689954546
6329342.801512306
6355335.753993945
6356712.602851719
6363358.321710385
6365404.501645944
6372651.286252256
6380634.387712266
6382764.704422041
6392133.047114706
6397452.644134061
6406765.1283960175
6419798.11689404
6437340.598896612
6439870.269073203
6444395.656754823
6458751.999220955
6462393.3569436455
6464063.701194534
6503072.196219786
6512444.5880447095
6515107.211074089
6524697.904961549
6582912.763680104
6593601.382885995
6593967.45776066
6605267.644007581
6607653.126177906
6619452.675157944
6623533.705659757
6629693.344282895
6630026.448483034
6641349.687754543
6652540.572050513
6672870.259386001
6688929.180802881
6689998.368868516
6693502.384099958
6698473.622598904
6699173.920851699
6717832.642520629
6721702.329089928
6740253.2160416255
6749751.810789021
6772505.66269507
6774201.067968988
6777120.956274888
6778703.462495139
6780311.77299152
6794653.343253326
6821193.485286964
6839602.955133365
6846754.938288818
6859593.552919061
6869358.929853453
6873065.275320257
6897630.537235382
6900299.818450975
6911458.497153712
6913458.521730332
6918091.651591322
6928136.512914787
6929579.404680311
6964339.530058373
6967872.2561590085
6974179.965349298
6980572.077416557
6981846.875286036
6986495.544704369
6988039.345262343
6999377.934284208
7000807.94637195
7013985.299488521
7034266.888713527
7058265.895995652
7065597.9653061675
7085845.406568007
7113605.599874467
7150482.5814924305
7150641.1873107
7151488.542800412
7190154.824800038
7192981.84945479
7208765.094321058
7227612.863436638
7234857.273616721
7235005.732167556
7255819.252043083
7256864.704174696
7258991.673408552
7261328.190197721
7278919.436908268
7279759.670261766
7284402.493934599
7287570.94351169
7307802.362525429
7328058.125660814
7332654.325879999
7359679.2535850555
7367022.3640695885
7395237.2379434705
7412230.47719217
7431528.783976138
7433043.447718882
7443426.440717055
7446628.430631321
7453920.460156188
7471945.580029379
7478903.860948968
7484228.67965642
7487134.663566015
7490191.57659776
7490313.8092609225
7498335.423681819
7501036.8660929315
7518637.488251184
7520389.127073458
7527594.121513823
7528476.425905178
7552116.680237851
7567328.232473666
7572337.194012844
7573426.606659676
7581060.291162914
7584275.506074139
7594606.875921174
7601185.306890442
7602787.928310099
7610599.959956653
7610693.604880002
7615395.929177751
7620459.964511203
7623121.389059996
7623206.319198245
7624706.445658152
7629132.432216291
7651391.795233476
7695674.6335152015
7699859.764659264
7714128.22310259
7719738.375162743
7721973.164209586
7750730.70119343
7757661.920870632
7766369.109722956
7767483.275397324
7776193.219256708
7778649.283942341
7794500.471331373
7801982.6610053
7812661.775405043
7822356.443957006
7823612.932930794
7846063.582678228
7852479.728891544
7864947.835923418
7880869.646665211
7898082.3447093675
7906372.901062634
7914810.037183954
7926711.437573122
7938810.823588376
7948042.549574588
7965670.500997874
7966464.992947388
7973151.223202887
7984798.954886517
8015433.3121773405
8021982.652911992
8023974.4734220095
8026037.824211549
8033259.607154384
8039235.329766946
8056640.318930517
8063047.729314735
8065125.977205287
8076984.047424857
8087875.547324466
8094074.443841363
8112028.065688979
8121903.140335015
8126934.960736579
8156242.444273816
8169996.279628468
8170538.007059973
8200820.284120921
8257478.165590127
8265491.2817942565
8286932.403541938
8291685.977510576
8297511.42052168
8300401.631302659
8323986.048223556
8380652.032415091
8388829.660716072
8400511.398917103
8420215.77582303
8444981.853771927
8455488.246161846
8471043.32604004
8473532.116599092
8473565.286649248
8496895.691459103
8500052.626391036
8501097.946812887
8507113.165528057
8507799.10925142
8511784.824015051
8514774.04646635
8519936.109329937
8544071.204913408
8548209.392513847
8553111.842619527
8554603.917188372
8564667.186523765
8579746.25321838
8582124.772299336
8585434.74360847
8593934.548674673
8614770.35285186
8617807.180883506
8617908.28460336
8618133.53616403
8619149.62985308
8625717.704591304
8633081.967242269
8642704.001438014
8648991.825562961
8662052.91741972
8673981.9160421
8681411.917507153
8694319.854173658
8719460.28837189
8727335.055430388
8728428.60650823
8742369.423772538
8748644.111049304
8761145.805697812
8763622.250913233
8763652.704721252
8765809.422096191
8768506.015197085
8780167.219244562
8784145.680160534
8793403.183891414
8795139.051888874
8836264.255358055
8842601.560557514
8850650.852839729
8851495.098586464
8875530.567123048
8891994.60712959
8893639.977875197
8903440.932215117
8909173.182172062
8909626.79956575
8924116.96971643
8931321.46842144
8938459.242647506
8940165.67056386
8957718.118993193
8961088.023499245
8973226.861551428
8979242.305089891
8990323.530086756
9001333.61051593
9007907.313904453
9017460.93007546
9023431.205300655
9028418.298355017
9052425.269756723
9059335.608288554
9067409.754060367
9068124.311967365
9068193.349250475
9098695.304446599
9105494.92238078
9111618.529135512
9111990.841805827
9122421.16274899
9139639.574387576
9143090.373783777
9145736.729743084
9152485.686889548
9174247.487402314
9189539.773528276
9231146.621845137
9244822.987347223
9262213.3170972
9262570.888952227
9267561.971335806
9280031.350454748
9281395.358502215
9307194.477407996
9310410.87140431
9332097.03725794
9341634.278936362
9348980.132404901
9359734.183921665
9363096.605479868
9374964.925731506
9385887.756417273
9387650.849982187
9394134.65863451
9411420.79255098
9413716.320909893
9427845.626241045
9459522.998925935
9460172.21996567
9460539.812477589
9464610.668630779
9479242.346626353
9488414.3946972
9494959.017691465
9496900.465168126
9501980.94538371
9506126.248638194
9515860.21506495
9527830.774679922
9534484.182122555
9537012.25083745
9550295.264868682
9581317.524615303
9595013.747724216
9623943.810994608
9625637.781096444
9657650.667268671
9659321.01240011
9661412.288738126
9664637.052011957
9665918.914725345
9677576.092606472
9690913.494077101
9690952.649965301
9695508.118506547
9697652.486835036
9700891.736982996
9710409.21453853
9721189.137139764
9725203.920249408
9739861.921551034
9744287.699673323
9747602.166575536
9756570.89292883
9773515.144825622
9778041.058929788
9780014.08743197
9783685.621279275
9808504.928907625
9809812.60927615
9812525.260989545
9821135.371817403
9821642.578330738
9823981.031440439
9829188.502294699
9857577.269460455
9873975.632001841
9892159.94891348
9919156.379409336
9920713.036276465
9930577.467787366
9931770.359459158
9931895.927843878
9939191.84313138
9940495.979198081
9947965.981074652
9959288.331999049
9979747.623518396
10042000.181191187
10042314.316376364
10061519.094152458
10069556.372092055
10081018.30956395
10093775.534519758
10105957.387345795
10116201.91859853
10121863.400936516
10134616.7541499
10144352.529286474
10155764.365174888
10158864.209832722
10167367.899969775
10171007.324561376
10186329.37594126
10189251.080949605
10193131.364656897
10209448.908592347
10219819.172768082
10249497.410219885
10270424.826768333
10279925.008233838
10284806.309809284
10287718.73236126
10297804.194535721
10298688.101995343
10311126.790045219
10323623.547730112
10330719.438410465
10330917.937783316
10330994.593707459
10344622.991301596
10352954.081675211
10360760.394482695
10375901.735934082
10376551.098239023
10379038.06163071
10379338.944916906
10383067.613459017
10388062.702167545
10392163.104628367
10392773.547543818
10395302.014661107
10400747.976435384
10467969.18873277
10477269.448981855
10479452.43154847
10508566.911349375
10524496.83674948
10531494.430895189
10532487.134601125
10550620.487586193
10588430.598118989
10595449.801199287
10600062.048345586
10602164.452771353
10602725.589653322
10619445.649386218
10645428.248301776
10646554.20620926
10677553.86821808
10685125.926899215
10686680.548197186
10686774.109225217
10712451.45976879
10713265.537621979
10713439.383767085
10735896.552384762
10762374.273249881
10775179.186652405
10775209.70565022
10779174.056839852
10782324.916423744
10783328.919242123
10799021.728002505
10799045.09101915
10823315.72126058
10827035.545285953
10838408.82255829
10840066.815107327
10843246.933472762
10848683.584416404
10849594.488644628
10862386.460861273
10863853.451311493
10869521.397357987
10874550.37564057
10898063.055328244
10899909.932794502
10922379.158745673
10925065.201672217
10928541.629892569
10936265.99919589
10940262.591639211
10950063.227588845
10951401.035301637
10961431.839569755
10962533.663068164
10962704.37065086
11002444.462149363
11006880.822621018
11009803.780898219
11059008.440785361
11072135.042505084
11074814.424980791
11074964.356272308
11077830.661101298
11088618.239251029
11090298.650010843
11108176.089641167
11110559.020923102
11129880.377272956
11146005.133920053
11170363.444397109
11178505.48992355
11186157.931411475
11189100.21981287
11189528.546044178
11195839.374456748
11211827.714937638
11216254.653465798
11226128.662239378
11235909.560094487
11242819.494265882
11243709.183373338
11246928.086362453
11254136.567197409
11256569.967822697
11264454.068335127
11278131.520603457
11298402.682637002
11302181.593724038
11303176.632690663
11312874.591711808
11336793.420559611
11337198.413240233
11350954.00619274
11360402.0473567
11366207.910406811
11386626.123649832
11398934.447997406
11400700.428277615
11423988.942029333
11438514.642745448
11444150.064438058
11446549.955146888
11451134.563036976
11481746.086193707
11488218.332211077
11488871.708516743
11490281.978076544
11495178.499925844
11517004.631025082
11518569.848903399
11534221.758779684
11547234.147325156
11550935.415008191
11555138.017194534
11577555.383494224
11599742.990801256
11611256.766333198
11622314.226311492
11631723.009873401
11635935.60569814
11637228.021316987
11660493.33076362
11662057.636559546
11665176.768697295
11676773.62361838
11687105.006123437
11688310.199384566
11694068.058534041
11712928.108916823
11718583.687871624
11724079.474815844
11735687.15544159
11738457.8183952
11745465.621986559
11750199.211359236
11759702.285179486
11771880.987607619
11801064.186215227
11822449.711165713
11829721.513084438
11830295.693899032
11833245.286796328
11847074.960765824
11894046.036719872
11896086.583732495
11896127.485228946
11900449.098384127
11906133.871706098
11920719.25265895
11924471.362852454
11936230.733828364
11951530.048835222
11958976.189247502
11960967.372976879
11961598.865868257
11975325.361802412
11978588.653307015
12002287.769953681
12016172.527959837
12062834.267010268
12087468.068207903
12090917.48706829
12094364.08023594
12094423.629998477
12103450.60914159
12116867.622997796
12151688.75417266
12164199.258666877
12179320.806738326
12195036.799581742
12199954.67034931
12207666.779349314
12215575.320452074
12217508.283092903
12219356.111615483
12231782.64855422
12231889.18309653
12241350.30906626
12251793.28593393
12272036.817518769
12274055.075042685
12278005.933275307
12285716.545888502
12305046.20631452
12321536.012087194
12323645.652148457
12325728.160601672
12350909.464084664
12354695.901608184
12355113.0367661
12389858.788026689
12403350.2643306
12465874.851682039
12471436.96783982
12473887.70347984
12479268.670841489
12503188.65697367
12522474.727036063
12524320.544117624
12541372.428640513
12541860.487172777
12584916.275829036
12597418.707699237
12613911.778209299
12621283.492648603
12625276.4311968
12632634.346683051
12639961.78777061
12641222.146514079
12641785.873040838
12649784.44628868
12653976.987664409
12654072.722520953
12662487.750286626
12686921.700079009
12701756.70040185
12709888.82214793
12717483.050539432
12748959.606706865
12760898.111530159
12786625.679901853
12787252.250185551
12803030.09234121
12818416.418097334
12827642.673525557
12854320.140513523
12864629.345417952
12868427.874552976
12870152.37186221
12875179.825739712
12875794.250630572
12877205.661520757
12893106.296385352
12908669.196087101
12944442.724030364
12945149.223180864
12975568.700997867
12990719.67922097
12998909.937399667
13005759.121000094
13034312.759388035
13049984.617011257
13050577.033550862
13068075.092430927
13080182.502203636
13096719.676781945
13098669.375060482
13098728.201559355
13099111.727162845
13107223.136908008
13123078.90311841
13129009.192207739
13135434.92927972
13142646.460447323
13149417.162060274
13150215.671035383
13165089.76464614
13166188.612842431
13176951.629966138
13190886.581955463
13190972.2671147
13192368.897105183
13201657.489691097
13211369.497450305
13221145.543971838
13221344.779115997
13224174.782792443
13226827.772430839
13240645.556303034
13243572.572015446
13271227.575373966
13272743.221327124
13284915.419911595
13301902.023291448
13303670.902828243
13303885.334471468
13304800.395921683
13322401.214650843
13327453.156672306
13330522.699118441
13331941.114008103
13332686.830129812
13333541.542877004
13346680.923979787
13350954.186547289
13352158.105145695
13361073.004191589
13366526.860825423
13377162.01138732
13379943.166130805
13380376.535806656
13380701.659307336
13408292.020845974
13421061.289378736
13424371.213472199
13460460.067426933
13462635.099670738
13463295.647933329
13477065.94772578
13498757.84692106
13508261.281219121
13513191.454187132
13543664.527659588
13557210.543737972
13560737.56725278
13599521.4242454
13615216.098640732
13624664.985082036
13628226.465063576
13668153.903357903
13687506.661625816
13703592.812005173
13708762.25798303
13744004.805769801
13751309.95007779
13762111.253717072
13802274.56984032
13811000.83178937
13815327.737721646
13819673.582904032
13822379.377708236
13837018.035663102
13840695.476491619
13852431.053599318
13882306.686680498
13890313.438530067
13895766.029702209
13896442.471561134
13899580.152341021
13907078.20596766
13930054.23216006
13932657.438936327
13937954.047576463
13943920.491414387
13952735.240841713
13970774.447208337
13991329.647108601
14000215.311629623
14013611.657763608
14024358.667768117
14029458.112547448
14032135.483774915
14035109.028232437
14049285.812032813
14051667.683358055
14054869.948201306
14059688.043795418
14060198.852500103
14067321.433314938
14086511.123457724
14094108.71053011
14098411.86837016
14119644.950705742
14120745.131219441
14125725.870635228
14128050.38930961
14130886.407308852
14133455.647887742
14137380.790082512
14140338.302848944
14141672.480251458
14144748.751506452
14161609.722327942
14166361.324475039
14169467.726751858
14170837.30144707
14182565.995606732
14185966.673851974
14200047.449678482
14203891.58378942
14205686.617628219
14214685.150322082
14251590.985873027
14259579.06493075
14274269.599011233
14312830.69589581
14328745.460268449
14342169.75165167
14359606.117166648
14360524.022391882
14362317.991486821
14363427.540995667
14366266.994140439
14367956.309875539
14372716.673878785
14378057.000291692
14391407.066924835
14397837.695534382
14412025.20079922
14416696.990749855
14417147.86616843
14429485.085665796
14456128.662312105
14457577.21089696
14470693.43029008
14497646.572814392
14502993.87333244
14511482.555143785
14518740.257080048
14521263.449067364
14544504.320420396
14552101.502653735
14562420.651062625
14571302.310208956
14590527.69121751
14605140.000244299
14620012.628385587
14635922.676653903
14658363.506762518
14670266.372944871
14707043.157004548
14715615.60435604
14722765.253130326
14757032.406810675
14763769.160427263
14792508.30612307
14800046.670840478
14808764.237693306
14809887.67690748
14854581.592672268
14863981.906438695
14864303.415243646
14866928.399839396
14868546.003635958
14868719.588770894
14873265.359587584
14883527.836231172
14884205.918381866
14887112.713691656
14888563.641338069
14900854.378015555
14928980.16747862
14945506.639524303
14945885.927362561
14949107.168789973
14991568.321132911
14996698.379786534
15000667.059752192
15025465.624890178
15033801.827521771
15035416.13107778
15078591.03278808
15090443.438523604
15096418.923326643
15099023.02338895
15109927.293602036
15114101.357700793
15117041.48794255
15130384.416340208
15137500.30705637
15139450.011953639
15149398.40513769
15174428.846502649
15180028.066458538
15180210.54013336
15180269.37858486
15185707.733102763
15186257.86770114
15188491.223966885
15221650.619045902
15231441.731295949
15232829.363638466
15232829.845763607
15245593.984908808
15250189.20703901
15257650.923115306
15258333.360015558
15259265.479537988
15261573.237294795
15262074.117703829
15298354.11243727
15313197.522684794
15355757.551357072
15366669.068364182
15382444.707046604
15390896.345703717
15397714.847423263
15400031.383753119
15400537.279786116
15404991.576592121
15420375.604802266
15428823.348922098
15462903.691168904
15464312.822637638
15476920.419285448
15483042.170857508
15489492.752301242
15500374.02569722
15505770.76074793
15513630.485512348
15531768.196713403
15533086.573770683
15537892.82739459
15561396.981482321
15562816.472023357
15566238.945357824
15570796.245716196
15576130.908074168
15581238.17171399
15611394.62425735
15612868.99179982
15618851.006237691
15634576.83914063
15636945.166354207
15639731.44279922
15643533.211144615
15646656.653148614
15653994.33616398
15660252.127174072
15667721.85731924
15669401.87213648
15708262.572730264
15720862.707103828
15725813.428361371
15730673.242487572
15732763.765104216
15788544.4342028
15797751.755369073
15800635.454735506
15802683.151706558
15808709.862229846
15824751.062974447
15826658.413588993
15828247.744030427
15835734.773563704
15871832.896187142
15880889.74300785
15885783.75962348
15889427.761182025
15889477.562964743
15905283.76400528
15927006.01455145
15963379.386464601
15969023.326355344
15988828.406598065
16008734.75360997
16018623.206635814
16064381.220415723
16072347.230794856
16072937.954493986
16093197.393818408
16110870.45160657
16117955.152999239
16131103.622206192
16135708.121778065
16149977.200791338
16153475.246765006
16155400.260164995
16162465.233564524
16167408.860710759
16167539.69918918
16170155.06797372
16173609.944138847
16175366.008385383
16176570.425265592
16190783.238131905
16192224.423415571
16198270.231812041
16203352.868849007
16208442.562193641
16209575.721273085
16229340.646320252
16229637.43848087
16235870.691367706
16244681.920823809
16250156.666271675
16282114.378166158
16294330.087401945
16294599.380910024
16300288.758334327
16304694.441851102
16323178.791724294
16344460.167288044
16346563.56973284
16349380.95527473
16365681.478451004
16367518.410514137
16381739.512824956
16389217.276838873
16394033.464365505
16400891.885334581
16406830.748628806
16410061.154438639
16430440.602366408
16438354.59031664
16441042.991001246
16460466.754513953
16470263.812002601
16470910.492476806
16473502.753006931
16498479.207067294
16510698.447103396
16519147.329147587
16527541.634165265
16531342.43042939
16534557.152741658
16541481.468294566
16542961.971580703
16556243.77809049
16559927.237469876
16579261.574975666
16586616.357188396
16604174.216853712
16629209.205414481
16632242.82827763
16649857.599724097
16652551.80706654
16654766.428031325
16665201.688485522
16666193.996893242
16671299.723064778
16686442.709386898
16689780.964928862
16696685.20500489
16697993.40086087
16701303.615547884
16704862.341192815
16707722.248896794
16711269.96273107
16724621.727321737
16733619.150810683
16746835.734877717
16763269.866944315
16765682.989958279
16770957.440870944
16772491.418309677
16782276.99255153
16783978.37471392
16828839.5129132
16833046.13645185
16874297.665113304
16881105.406040266
16903132.72432201
16909611.753802974
16910097.73430768
16919654.340832226
16971508.14261877
16973075.308910783
16980043.02134257
16981876.906204563
16990431.283856973
17022119.081202276
17035858.976541974
17038551.1209058
17038714.540252276
17039434.422460753
17054294.56049423
17058144.33630078
17059522.701715544
17070371.763487786
17076378.889856003
17081103.601451736
17082593.650648106
17091707.176911265
17114024.934059627
17170247.135392364
17171703.159428723
17178074.0623919
17183203.92125457
17191767.79734347
17191940.53571769
17211411.220343515
17211727.88439799
17219471.310546655
17220937.85768663
17226552.141137943
17238989.365879077
17240143.754219066
17251290.79378054
17281586.313021816
17282182.905698866
17287268.315155517
17290199.41093976
17292808.44164699
17301374.406736005
17305228.25296304
17318076.794313252
17325286.76252643
17328264.00327545
17329664.05468526
17335984.92404825
17336651.07379473
17361034.889347658
17374800.62915618
17391253.083030082
17391661.241799787
17398923.972963627
17401243.374048714
17409795.68423456
17417640.957110725
17419484.999421917
17419850.817968547
17422025.32498334
17425845.43463511
17428148.84980809
17430652.009239756
17433698.77510545
17436945.79194105
17444384.016792495
17449339.886173464
17470219.072398964
17471390.896036863
17473568.62589771
17474328.44607091
17481558.02578876
17482656.46982375
17486100.786550835
17497517.71116269
17497900.983635936
17502672.401308753
17506872.630935255
17518120.98074321
17518700.598539867
17526265.585577846
17532871.996965908
17533973.979421977
17536400.935807876
17547212.701390266
17567772.19240657
17586091.307019487
17601036.03955563
17601152.857955597
17617016.38119608
17623992.71352793
17634426.637365583
17670728.20401317
17690443.421144124
17692350.789255332
17701325.336155545
17706991.702933114
17710274.020757712
17732832.897264134
17744516.841339096
17748328.656315666
17774636.968855217
17791956.96199414
17794982.38202985
17803362.023729466
17807220.761195935
17810660.476492632
17816566.279516157
17825041.25790107
17827393.565753244
17829925.6953443
17833188.221403886
17840354.886957347
17842161.15263858
17855095.681162838
17858367.082628526
17869841.479376424
17871537.46460827
17885072.128187004
17892779.35223968
17897741.876166124
17917315.1549219
17930958.610485934
17937733.042287257
17947500.351448473
17956293.03469037
17962251.523581225
17970142.077098757
18004933.70313569
18011501.393808935
18023408.558766965
18024971.076854017
18034008.79533881
18036993.492262032
18037720.2283795
18054520.452513
18055877.916275013
18060569.820113223
18082539.708926387
18084904.935384568
18098259.03642031
18104887.634652693
18122955.48526063
18148360.064100966
18153301.653235663
18181379.06253804
18198925.90038455
18218146.025183827
18219250.183209702
18245797.187010553
18254860.395955306
18264880.18612255
18275533.645703983
18285587.950527508
18287251.606183536
18288888.695815206
18336037.922258336
18336556.598588306
18342406.816575
18347578.02776263
18357247.6825206
18361256.286095507
18367392.187784612
18369237.728021234
18399117.618244328
18407427.354831528
18416426.44218355
18430356.97455877
18438948.657631546
18444051.102916423
18449131.501508344
18451271.076059617
18456380.486981798
18475589.903315138
18500324.167352196
18512628.057041448
18527831.97314581
18532169.598096088
18550783.110244922
18559814.86694838
18581057.758832615
18593526.52701174
18610118.25998305
18622561.27271985
18659477.637765363
18668815.106071614
18677074.515777342
18686422.10349899
18690685.857340652
18702008.140600927
18712211.09798517
18718384.812433526
18732465.80077249
18733746.124366693
18745925.6484521
18766777.091526758
18779011.09029788
18803172.86515162
18816983.72082333
18833866.183260255
18845004.517801125
18863472.209415827
18864704.08180173
18869662.584862914
18870864.801301856
18870942.932097293
18871173.424978573
18875675.720946107
18890048.519764546
18892198.60447141
18896551.66838947
18900846.635023553
18933072.901834022
18941253.62898403
18944672.101920612
18946807.76636311
18959479.752340563
18961673.69423321
18963405.279468697
18964958.177812286
18976313.644870657
18982351.869012162
18984654.075297732
19002296.582931656
19002418.978012558
19021141.635729533
19035888.925652143
19064701.59757009
19090272.175977856
19102338.697616156
19138207.445607416
19141811.285202086
19145090.959375396
19147292.831134677
19155299.76360282
19165917.884850256
19167370.305363
19170344.05302576
19193913.789612602
19216598.476803914
19221720.64880206
19240187.203956783
19265616.3084768
19288503.424044646
19300114.168888636
19318536.18517505
19323129.21631235
19327149.94516269
19340960.77452514
19343257.37430552
19353985.269096825
19355653.358928442
19366507.404071692
19374659.075831883
19429616.84080747
19445295.110248685
19452931.763339628
19458127.54140502
19483510.22509732
19484597.12665258
19501232.11595501
19504948.785282984
19511306.281145517
19513769.25126869
19524290.6623402
19524666.865669377
19528980.77641426
19532928.48258681
19551811.26918138
19554521.570350852
19579106.34029379
19598202.574953023
19599679.3868166
19604862.072187748
19634358.014265873
19651676.654296797
19666305.573799398
19673583.153075553
19684492.185665444
19691798.34339403
19693640.73537788
19712588.857888214
19716140.611092877
19717707.45205717
19741781.71760778
19746429.488984372
19753055.331253357
19753781.593084175
19797187.973585367
19800915.37505733
19809005.241329
19812402.521686103
19813255.595335517
19816402.188304614
19835375.708178584
19846954.116360582
19850020.894846745
19853352.16560933
19859067.140402183
19862095.56694673
19878441.918380946
19902087.312897123
19940881.842139028
19942681.302772142
19946028.75168825
19961603.369645726
19967063.584998284
19967370.302951913
19983294.630403355
20028598.303693257
20034884.48799083
20046858.986193124
20055657.091634605
20072329.506346148
20072570.20350649
20084421.98039408
20086190.810153455
20086492.82475031
20115796.994763996
20116554.92540712
20137164.12455418
20139837.770482905
20142843.566277765
20145572.718536288
20166309.876209244
20188581.227185342
20212785.915901363
20231111.632100906
20246196.994517386
20254693.074564125
20255239.958406262
20267922.848680776
20269361.970997885
20279926.820182282
20284035.017067157
20292596.871697586
20299592.441296812
20319907.74604751
20329782.50646655
20333515.747858826
20347038.829831313
20353187.974554654
20368482.18597307
20383699.019743875
20385569.752238393
20387663.66222853
20389367.36933059
20391842.58636672
20392245.93625731
20396568.153950308
20405016.079188474
20419910.13774515
20453785.68919999
20461203.712640833
20468840.256216582
20479292.438857287
20480329.849532876
20493763.576021075
20496892.65605997
20502998.66648708
20505194.60770004
20513284.47403631
20526474.63922807
20555353.853630416
20556157.988793258
20562279.092703257
20570764.354802612
20574649.122143168
20602806.716952447
20607962.004354782
20613210.84273918
20613943.470764156
20620165.79661864
20626643.960473236
20629521.899459794
20648361.569368713
20652177.490390122
20665306.420377553
20685263.772759482
20690006.75459466
20737465.08510962
20749700.374996416
20753419.616286706
20791267.20052021
20824855.105949823
20868210.81064846
20872761.507855445
20875098.752746332
20890907.64635049
20912342.37297012
20916886.307510458
20925869.383333355
20937329.437705383
20948032.16693298
20960500.37484258
20974759.87091021
20976792.096748807
21002185.40388689
21014145.39735217
21019847.54827341
21022949.5068453
21026925.14072095
21028078.448266294
21028787.653482337
21029132.307521053
21030556.930335212
21037840.280749712
21048156.653108533
21058527.74056381
21062410.82094402
21064464.05815309
21071150.3364634
21074555.68547179
21076569.498150907
21085085.735442325
21104841.441997092
21109418.87740006
21112958.267634954
21113864.28528109
21120104.031476166
21144297.330499414
21186340.83080922
21196043.71700426
21198204.755804226
21207923.850918587
21213977.210391626
21227955.922059886
21239034.978529625
21239451.517702103
21240452.3281812
21240675.04156041
21247262.75662744
21268217.960013613
21279461.85474642
21290558.043758884
21336119.96350897
21351125.945524335
21366503.987050533
21387095.68680436
21388766.738656376
21398949.65460402
21400901.135070782
21419384.514391474
21428272.266170718
21428839.641976163
21446831.636539094
21456962.17752828
21498259.24095856
21517841.399161346
21532858.56296112
21534038.774789717
21554916.07808013
21558690.2440034
21566149.511226524
21574390.173775177
21576866.4813951
21590530.815005597
21598806.091693334
21602723.20731293
21622111.322090212
21633063.198378973
21633401.082362782
21634316.653653085
21655641.088792212
21673888.291344605
21690926.06905077
21702630.606776368
21714265.01908486
21718320.291553296
21720703.65468092
21724645.649457514
21728242.044783477
21729568.126390275
21741437.353470404
21749994.931832004
21753807.297093403
21773268.187419944
21774602.030947745
21779752.14570452
21797021.471298773
21809542.86989672
21819900.60343447
21820861.321223896
21822985.310076527
21830570.084823735
21865039.967551548
21878651.01561691
21891389.277620666
21897693.768110793
21900140.96124698
21905749.13319631
21914085.595340203
21920688.6672083
21927658.242696043
21928970.292175256
21932909.757920835
21938863.45075286
21947622.836149637
21950946.051362332
21955180.350057676
21955209.594206996
21981198.572582178
21984649.825458445
21999804.999225497
22007343.84229003
22007751.19557671
22016875.840400726
22021592.89186262
22043445.13285363
22053250.023516748
22070040.815537628
22074136.767747942
22093875.890956167
22106243.54824591
22114703.99129133
22118486.717280373
22126233.732478894
22127528.011464357
22129072.007768728
22153724.8267409
22160661.886033487
22177045.960798543
22189465.973405126
22192421.95374628
22204221.765813954
22205191.3448191
22228353.52438851
22233568.002810113
22239599.26115884
22243989.823889516
22268059.256170325
22275599.289643783
22295778.96565422
22300067.529195122
22330515.595188733
22341453.497055687
22341912.99017147
22348688.879201174
22363406.571418792
22374142.532392193
22385685.570340183
22406803.60464036
22407484.73541233
22419870.354704633
22422493.20609224
22440680.296970483
22444065.15136241
22444442.693254683
22448552.65069534
22456864.61036326
22466167.548219644
22468349.408510778
22479251.715891596
22497884.425476354
22498182.645718317
22503401.02213037
22505780.783101715
22511329.50624126
22512109.79414247
22534848.68409391
22535263.883228462
22551732.585679255
22559070.183239948
22563303.57841438
22579809.95399555
22580708.678832483
22584425.57951543
22584788.88510222
22593871.187049516
22636031.51692401
22675653.89220948
22696084.333516866
22725309.208424643
22739577.19318895
22739818.86098332
22751622.085064754
22758186.13172582
22770299.86937603
22775192.89135546
22807405.02120163
22810304.42982318
22815871.97606029
22821252.519830182
22835274.00641808
22835483.28766042
22836345.808385395
22838773.56179453
22840857.42289184
22845942.12760194
22860033.54155405
22906838.458423097
22909222.530741856
22930730.809566826
22933398.17839691
22942917.851077758
22943290.557171445
22951368.910279367
22964807.514372673
22965701.197745282
22986037.983976945
22999957.15231314
22999993.66342614
23013861.200115267
23028993.62946678
23029377.611544587
23031496.654910684
23041830.332966864
23047584.827960413
23061588.021725662
23153498.126144867
23164454.87640795
23165547.449148763
23174550.86478213
23199525.429069284
23200192.0592778
23221334.636835627
23252674.68560828
23259056.109091494
23266685.03052626
23282686.383867912
23289722.41115682
23337889.785377424
23338281.58502969
23338675.485681165
23358482.773414653
23364589.18768466
23364762.10391308
23388876.55616767
23415955.93645227
23416185.58206113
23416255.811710585
23445995.803568937
23449232.371630035
23450277.99114444
23458680.209097527
23463563.940148547
23464415.934516326
23467563.284968786
23492348.09486389
23495234.077688407
23498163.022126876
23503745.128158037
23505775.090972837
23516406.72831762
23534737.18096329
23550951.597230222
23551086.404988527
23594826.16906747
23598021.67787603
23604757.214276083
23605503.217382703
23609224.51198739
23622549.91590984
23645900.221053008
23654222.20665167
23661734.75248881
23662716.191676937
23672619.251765598
23681669.398500897
23687909.18917714
23696383.645319656
23707588.83437019
23721186.17100085
23738879.482429698
23749597.795175664
23762983.230945397
23772113.448959157
23776678.047907587
23803739.961157996
23828995.434651908
23833831.986975163
23848841.407859985
23867506.14627645
23878127.1103109
23879171.882064905
23897540.409011498
23902413.018429436
23907944.83473655
23923341.592285097
23925892.65896475
23931072.86206578
23935425.355710205
23937073.000270978
23942844.490879256
23962050.795792427
23962828.052508518
23964263.15382139
24014539.214684423
24052516.885700967
24064792.88925888
24083775.384759605
24087867.499627315
24116737.015410334
24121949.6454644
24141223.52245643
24168200.568850532
24171103.829001196
24171735.572942346
24186592.297238346
24189881.736695256
24194804.344467442
24197295.704543844
24199303.963166747
24214921.218884986
24219711.81815716
24233377.44954821
24234872.52893074
24254389.101463314
24256186.19054242
24270792.546029195
24314935.162071906
24336056.940520138
24338652.55195525
24362943.825296532
24379298.04475819
24382514.377715472
24395208.109786212
24422234.415275782
24423176.95871263
24426544.045895725
24443308.672235474
24464855.28398093
24496913.11419824
24527278.619251598
24565074.3123619
24573464.36699947
24579844.69408115
24585190.743765824
24591588.982046105
24602098.81060314
24613039.61265622
24614952.135587726
24641876.890717678
24645442.578282997
24684438.475641422
24685363.214780644
24689593.45377127
24722039.213120908
24736636.100001343
24752395.33120873
24758411.803066682
24776743.340437997
24781013.545531783
24788661.065846596
24790564.67850938
24800206.48790983
24805884.290889647
24844374.673075274
24845462.69695044
24856031.97739032
24856862.480796266
24868033.247756597
24868489.061810877
24873867.782358747
24876593.241003696
24880672.244713783
24887088.511776917
24888952.797269747
24893426.795118917
24899053.495036993
24907669.907039795
24923222.76782153
24923391.580535613
24932511.88870569
24936801.84900233
24944377.551858146
24948827.29607208
24950610.66576173
24959721.047412362
24963701.875454754
24984790.316116158
24995422.38486723
25013451.65369542
25013681.639501806
25015728.961366866
25018954.707842473
25036961.084588412
25040887.885787904
25044392.277547006
25047922.254679486
25061108.707849372
25095551.837980427
25098402.759064924
25100954.557539538
25102428.130638424
25112969.99415353
25120408.329964425
25138575.02875692
25143931.280626018
25155717.716276124
25156304.73274942
25172239.53087564
25174823.642120615
25174880.79859913
25187790.08815913
25203136.812898718
25203908.61267102
25219258.530153632
25224018.254324023
25225091.923459437
25225304.774066478
25233279.428053375
25254004.8860038
25257793.796407316
25265668.530459106
25303163.01226707
25315471.5737352
25319401.59222093
25328628.55393688
25337871.357379645
25345707.290888537
25358925.26614648
25364730.11738258
25400210.524908595
25403249.15615962
25415730.382051267
25420866.38072216
25441011.991621833
25488401.66105892
25491277.16700607
25496986.871469967
25504144.905825127
25504480.297348194
25520872.955937423
25568643.52765836
25570854.058979683
25594943.94662461
25601514.37055907
25603241.983130958
25608618.70027585
25622706.747058265
25629359.112024743
25638127.628782637
25657131.291885898
25659857.73971751
25684232.074545294
25697360.814863432
25701365.617099427
25703885.29808257
25722308.44226173
25725086.14189575
25731361.029911317
25748830.565849558
25752331.536353167
25754627.37097716
25777524.050766826
25780612.14419033
25795349.37539447
25799697.037350357
25812285.683612242
25818241.03769342
25821302.66923908
25843483.883360572
25847160.27902357
25849725.44347636
25849936.689019043
25858184.579436377
25872415.100502823
25893324.3547469
25895721.653973285
25906337.15309723
25930842.54510107
25943995.83926192
25960541.24958817
25973339.418086205
25981622.317200344
25987351.571662333
25989968.44125612
26009278.321180616
26018493.9752742
26021813.046048705
26029374.547609426
26044464.96573845
26051501.254637875
26063963.996990286
26076474.08213692
26077008.586519416
26079866.223792482
26096432.73468845
26115208.317089576
26146054.437847372
26151035.53219981
26176359.541254602
26194716.835973132
26207807.52921719
26218939.912264865
26227958.914577313
26235097.035798788
26246242.00705175
26264845.259646375
26266993.935853727
26270189.66475467
26303249.711659644
26307687.27578694
26323645.215537068
26341675.648555264
26344452.24512844
26346469.668429602
26357228.928458255
26360196.451397784
26370278.674547113
26381375.7566173
26399936.487054713
26409798.494394038
26411632.55538313
26445316.798350733
26449469.85390269
26450809.82824325
26455750.648287136
26474696.737120703
26490387.89886987
26492601.565707814
26515301.796091244
26516236.882835377
26526490.646722995
26538133.81179532
26544067.88513675
26563902.50545518
26584816.26452196
26596537.803633675
26605448.191076774
26610040.555681225
26624254.167510763
26661323.039890632
26662048.07509523
26676423.578595836
26682900.352702808
26684258.929429494
26684646.362708703
26684970.568470377
26691210.03048115
26709342.14759034
26717568.630945146
26719408.49357763
26735836.98557025
26743146.631376054
26760255.83109398
26776846.145818282
26785893.157612335
26787061.900762003
26833806.755622912
26834588.33031067
26836896.54510018
26841328.058747787
26844795.785608318
26848550.213625383
26849313.126353055
26855625.820610162
26875163.954233825
26883137.07218897
26883843.624498475
26894888.623046666
26896420.47489213
26916060.514737677
26926217.697184842
26930687.693576135
26937134.58801444
26946361.78636361
26958912.93129234
26965871.56171485
26966763.99717165
26971626.042864926
26977438.32905538
26979406.84503897
26990200.386962138
26993317.697236363
26996184.526485
27003617.11124586
27007683.145874675
27007711.385369387
27012872.02763204
27059567.43106334
27074840.86681471
27093214.08700774
27098950.56494553
27115053.419339832
27117357.504629012
27126321.12701274
27127424.821736608
27130464.16543893
27157673.33476328
27181141.521402445
27198842.362423938
27204731.720353317
27206035.322523165
27214354.952613533
27221912.2973403
27231130.181718852
27236943.765418038
27244224.628452856
27266068.387762576
27275604.17309548
27276202.7097414
27313549.22454986
27321155.202137623
27326852.79983871
27330652.535607755
27337905.51411019
27343513.910741456
27354533.344883963
27358947.35460603
27361184.8583674
27372820.579631917
27413987.225661144
27425486.178959295
27426607.315553777
27464303.56616293
27473041.99076675
27474041.217917223
27476510.73791745
27477892.22341474
27496716.436638717
27519437.07541679
27521565.62558117
27526401.288283817
27526525.14530303
27527441.003276676
27529382.66379645
27536099.536173537
27553328.721764136
27563828.952787064
27564726.950261172
27565089.993961826
27569572.10963567
27574047.840677056
27597728.854919516
27601335.399556622
27610247.886980712
27627148.150680225
27632747.222737905
27652106.736749686
27667027.56734244
27671854.287110522
27686532.58596775
27687463.343638297
27694079.00032519
27700615.68228542
27706753.83113713
27707356.964893844
27711061.522192713
27716602.59460515
27726511.4678544
27729356.879963115
27730542.081511408
27751360.69283282
27756562.660849083
27767938.1206617
27770378.20854974
27778804.820603814
27790168.117178835
27813976.63619682
27817607.392222118
27817638.785025988
27822058.267999362
27823843.87394997
27839668.933279745
27851130.252912194
27863224.62866352
27866674.32134965
27879340.30045099
27886189.415618125
27887780.94352108
27889555.408541325
27890875.259005304
27911360.078893032
27918538.088077333
27925582.377783727
27934264.20997644
27939057.516229913
27942316.076382402
27943480.029176872
27943893.71351247
27946616.75082476
27970641.33040099
27976528.927735418
27989958.564954672
28001382.282562725
28006408.79227833
28024328.547796436
28034250.813642543
28046118.219067447
28055235.010462373
28056206.23300721
28059880.86345057
28081130.20439591
28087689.821807787
28097817.348327905
28116425.609523855
28117426.42903775
28122809.48568144
28123593.573850486
28129527.97172854
28178341.50285688
28181665.90476313
28183030.77383034
28186695.104711708
28189471.80209392
28193979.20236533
28216702.684643246
28218442.1118075
28223482.64625743
28229136.573521417
28229531.281559497
28238134.52715178
28274672.149083417
28287041.441318408
28290720.135359507
28302485.0065366
28302557.15558643
28302821.828554183
28312677.666696426
28315624.525835644
28318529.394423194
28321117.995300733
28329631.016869426
28342787.904514253
28367750.910467476
28377941.77171168
28381488.49103569
28383113.275980383
28389286.121374987
28396347.23752967
28427300.15710609
28435635.188818913
28457608.066990785
28477328.068436492
28488461.06254295
28491672.874424573
28564353.81072908
28584879.23968646
28585208.110609625
28604446.90106727
28605203.16353218
28606806.557723243
28609904.03006361
28621971.838694356
28646800.87073147
28650237.921165634
28667562.86814884
28676094.972715545
28681275.08992901
28700754.023763694
28740786.424270578
28748378.685630415
28751280.38717364
28782820.92409
28798201.624783613
28800505.648305412
28801810.003407095
28806543.457132403
28825148.001934774
28841458.563895606
28846929.861588888
28865016.225541532
28888716.32610068
28914457.117183648
28930215.622325357
28934867.14863402
28939702.81347469
28947175.714550547
28973987.60221568
28988233.23791555
28990037.92651093
29017152.260071713
29019416.75482449
29035266.92569818
29041345.96492559
29053582.276231837
29064253.60442641
29065809.32644348
29071417.79127966
29084027.08048751
29095019.061523907
29096546.468613952
29100148.99895888
29106128.390197914
29122489.34636358
29124600.074113145
29129022.571104262
29138492.900764212
29139744.863440502
29139775.622680675
29144665.31114483
29146781.268031258
29147207.66484844
29148385.72339862
29149124.093056288
29153661.44187557
29161263.862180356
29163033.95347947
29166751.662597775
29172134.029731985
29173868.955869865
29178825.30187459
29188149.13192708
29189036.77897455
29193208.44332041
29202684.214621056
29230194.569413006
29243136.849052623
29267434.930209674
29273607.263551217
29281699.23475547
29284445.942623015
29284454.249015216
29301899.14347862
29313942.65854647
29316929.98917956
29318697.472540654
29330116.274877183
29337602.85727646
29340619.711045973
29347945.04515381
29348777.886144135
29381204.081903737
29384580.62102178
29394438.760305252
29427996.0180037
29437048.27813623
29439998.26278425
29440146.24611754
29486247.522171535
29511602.69825182
29513142.09889186
29521537.15083917
29529489.678309526
29534631.706229806
29535394.920534182
29565007.634296235
29573883.082602277
29577461.409157645
29585836.10779413
29605106.615804654
29608922.103481844
29608933.268915877
29616273.71375798
29620274.138589695
29631323.5730869
29631412.527733315
29634210.060896352
29634565.73838133
29640186.988729637
29655101.240705352
29657725.833443142
29662170.753343504
29662200.425920974
29672410.95610937
29699015.79815659
29707034.82561549
29708457.426998395
29715796.05605367
29749218.89994946
29752144.878722314
29757610.892553438
29770134.058783438
29775098.419827454
29781175.23309785
29804539.052244507
29804695.44610859
29812892.595203295
29813517.139979642
29824499.290444855
29827344.53383938
29837324.7640093
29841418.293807875
29857860.957929213
29881738.232386988
29888518.042976428
29921547.3429346
29923821.908129588
29949656.783954985
29986879.30297031
30000641.857631095
30005347.29884042
30006094.357014447
30015212.162933607
30023369.938737534
30024925.890773844
30030387.36349428
30032095.651539907
30037694.297979854
30039732.01615993
30044898.55673711
30047622.853651404
30063104.341275625
30068258.718259778
30069544.844050493
30083907.621104073
30092771.01823451
30096721.36283321
30116952.90305169
30117870.50025944
30119754.634284098
30120942.37259042
30133287.993820466
30137102.718438417
30138988.105046146
30142660.118860852
30143247.642025452
30169501.1795577
30183229.89133585
30195120.227924198
30200640.162496775
30205886.41616416
30233143.316767115
30251557.188647997
30296817.11486123
30316803.09323676
30329972.16635726
30345804.32578758
30360710.24758028
30366687.94725813
30377636.274049714
30413398.758216217
30432322.565582912
30438217.18226264
30459077.32995453
30459829.88200881
30465183.34302974
30506785.970186867
30508962.61374253
30515497.409966934
30559184.30924207
30563792.85050184
30592973.13983002
30598180.84076274
30601176.4632735
30620963.330025658
30638932.952229206
30652204.640596215
30659541.314293973
30662062.160013985
30680700.3440744
30681906.368825473
30690455.9481272
30693066.41848516
30697049.495845288
30698177.58038638
30699846.763946023
30700311.748898014
30702327.55442202
30704386.302737296
30719136.327837113
30728726.43002407
30733952.298526004
30735025.889948882
30736961.903556067
30754966.728637643
30766775.851549402
30767809.382384706
30819327.43754681
30832014.300165627
30842108.971212596
30846364.393122513
30854396.086651053
30861454.64598851
30872236.12874674
30884191.912017338
30890238.75152694
30896040.047815368
30901624.060173932
30911771.718916714
30928076.42754444
30937975.735560786
30938869.996257905
30964972.30111313
30965527.12160794
30978059.138245493
30982916.452581257
31004805.04027031
31022146.49501512
31022714.528051183
31022967.931407627
31047574.413480602
31051426.149876367
31051528.588964734
31082305.192817558
31088956.24666956
31091257.040847287
31101292.231934674
31108529.10042013
31110614.13360775
31120319.22217913
31123076.309836283
31128874.40960505
31133416.166985612
31138527.225085147
31144511.242491614
31149521.419572957
31162800.919153742
31164297.55174948
31180768.34000567
31180895.23298603
31189820.354910757
31198737.167966373
31207235.90278405
31242833.138209376
31243737.96909936
31248141.623691175
31268694.018700622
31278317.5342833
31284825.397184834
31327478.983101495
31341429.159819916
31350088.330037054
31356007.27944456
31364212.677987654
31366202.369874652
31369210.222653575
31379596.847820576
31384230.420367412
31389017.768402617
31391317.275285054
31399738.133455012
31402386.17505817
31408017.35917119
31410767.010631032
31419054.29202445
31430305.380433246
31430339.10431103
31437303.97863767
31456726.57372176
31456873.36370611
31462584.261069875
31484621.793126635
31485227.820803594
31500210.67456262
31504372.49939397
31505553.62375368
31506454.202546645
31511434.268538725
31519914.989426464
31521165.200833265
31534721.684720274
31538890.0802441
31561982.040915158
31571243.448646747
31573174.235040773
31573286.351861894
31576176.24093072
31588434.676377036
31616361.389936294
31622277.167309325
31626308.623366114
31663064.142488915
31665843.320112996
31668641.789977755
31711372.653900806
31711702.09592967
31724143.5230201
31732326.530321408
31741778.181380834
31767455.493234422
31779295.822169967
31780878.0550161
31784213.25741286
31792943.415508676
31799725.538523126
31821396.16936836
31824857.845078543
31834100.6066612
31836266.999740142
31858412.008307748
31891344.578369692
31892330.858398914
31902030.582039107
31920910.12143274
31925861.243260134
31939694.684487354
31945832.263057206
31952226.73423768
31952272.840119254
31960395.620656814
31970462.728796043
31979932.713611502
31984930.22938798
31985007.832902443
31994775.106328074
31999953.169656508
32024857.118417118
32024895.927803602
32027265.660330605
32029105.313821077
32042306.174017567
32044667.71305946
32048517.151900396
32065695.706040893
32103466.39312931
32109435.152375426
32143109.01198831
32144765.079799134
32149706.753671635
32157495.73269515
32157948.075771302
32179380.368611366
32183459.449683126
32187046.67675462
32193348.601359557
32196805.083404597
32197815.015165035
32210367.49884089
32214645.145580027
32220748.446676075
32243677.060654238
32247891.940904196
32260806.192061454
32263270.09502244
32264902.039183073
32287708.445589595
32296308.740228076
32308802.398118652
32320068.548064474
32336553.77422143
32346245.225679625
32360980.69973329
32375309.21174228
32383715.841748033
32391658.20983375
32410547.63692455
32418009.448063813
32439458.47662709
32441758.37459643
32444623.46185858
32469110.534726564
32472354.17011932
32475980.45765966
32481093.58324877
32482616.696780656
32487192.89501248
32490846.076046556
32499009.726470124
32502992.280239947
32504149.4646955
32506869.44499438
32508102.118297406
32519361.03625434
32525390.858556822
32527990.29053961
32528361.976065584
32534530.90712052
32542201.443316694
32542509.06633479
32549162.45040412
32554790.162685964
32574300.133333333
32592949.450756457
32609904.61451508
32614300.66278951
32627835.097218134
32652419.42296785
32654103.739130676
32676646.85821095
32677222.947181344
32677703.791821864
32681952.07647381
32682135.090574224
32692949.124188136
32731445.324530467
32740366.108769484
32745890.505094487
32749870.26533679
32766676.926389128
32772451.084474444
32774687.485493504
32779058.190475516
32815013.8325937
32820819.249814633
32829570.163164545
32830224.34249721
32835527.614879332
32836817.004223414
32843656.950395916
32846432.096747704
32850130.660569053
32859793.756843064
32874896.59871934
32879777.816951916
32881175.251873236
32891544.440217223
32914610.69164154
32922515.49476755
32925747.7515227
32927622.247711968
32967090.362840086
32971117.479660027
32971249.693369295
32979112.15183008
33007596.71035499
33015147.684830803
33015756.777295075
33032801.316024404
33033942.287990745
33048744.861264195
33058468.478453886
33068217.63929354
33077057.93406956
33089227.32052537
33095082.747199707
33106230.754078455
33110169.435578164
33116454.488494158
33146052.59403426
33149131.681649942
33169532.348628305
33173361.66276561
33187189.004526842
33196653.720016148
33204877.74721714
33205067.358427912
33211252.11914444
33215965.644277617
33223182.116396174
33224241.43682355
33225469.10573952
33254989.568941023
33256744.781462446
33261371.76690147
33286394.74951568
33291173.136009272
33299616.73281072
33327524.065785043
33333531.6603057
33381285.450472437
33399303.822548397
33404879.36805983
33440671.01874056
33461390.54207925
33465725.54312657
33477273.596146125
33491355.818532836
33513006.79490963
33517045.088303205
33520193.424711317
33576564.68092664
33579560.1624112
33580178.162067145
33596848.17273051
33600445.419545025
33601939.96815078
33603221.15487227
33618339.44523745
33619382.31964466
33625313.578255594
33628437.359160006
33636858.62713809
33661027.0869984
33664171.96193012
33668078.36536336
33679950.251094975
33689067.72925961
33692240.57078307
33728670.543985695
33733731.345699795
33742541.66978738
33777644.80922386
33785262.821860775
33794459.07713366
33796616.33986005
33811779.61251047
33820759.67308266
33841558.03727529
33863782.67872215
33866601.736556195
33866976.41434144
33876098.34047903
33878414.044207774
33881816.80064154
33891772.41593548
33906455.20260108
33907904.73902361
33953418.03477691
33966105.57811872
33969943.45454722
33981530.126614615
33994755.19975779
34024847.69235338
34043930.74973297
34052451.04037096
34057807.40777926
34064529.1168938
34070543.727734916
34076305.819993585
34095553.81252907
34099973.727673225
34107477.66025493
34115226.08385662
34125789.86043983
34131315.141747646
34131736.2482598
34134102.186023004
34135445.91258698
34139373.79242332
34141107.33054333
34156987.06147441
34157112.557079345
34170251.22300673
34179257.65215339
34210044.39580113
34218363.382726885
34233388.67424817
34247497.13750674
34253435.81533464
34277688.410913095
34282691.04232402
34296980.24965647
34334107.00471903
34365643.43825171
34370311.507613644
34371122.59814582
34385490.63803244
34388746.07709354
34392437.76449866
34407008.344505556
34408599.39437838
34425637.471579485
34430570.04531667
34432426.419572696
34438150.10028163
34451994.959497064
34470203.48992476
34478873.85620355
34511576.96672233
34533575.18229327
34549318.55318515
34564015.1963231
34584819.5033943
34609134.351269856
34640666.72863414
34648914.19390343
34652012.714749895
34668770.69108624
34714663.2733596
34730725.61628897
34733917.72157881
34734561.62111586
34741709.506047614
34744553.85747322
34753871.120880924
34758155.44874412
34759974.59260304
34771109.482600294
34771270.13863844
34773967.951237164
34777443.62019678
34784460.790784545
34791661.436453566
34794250.578631595
34795559.95132624
34798283.89704667
34806907.64270264
34812765.44519607
34814996.27997934
34826791.75998289
34838978.79152457
34854887.34232394
34858038.34194218
34863930.735916585
34888347.11060162
34888779.08069061
34892071.32334194
34893639.516963854
34905349.71842425
34923528.09489404
34924832.11281197
34927494.51399022
34931025.91063299
34953138.51746907
34963924.69473299
34987331.128356524
35011170.70437692
35016286.95680227
35016959.97845499
35017146.7429592
35046406.197888665
35057476.14933315
35059801.530663565
35061625.918564394
35066599.359411985
35083782.29320924
35089471.071175195
35106474.24674212
35109950.73338772
35126911.56132013
35144477.37731568
35147890.06623164
35162137.65859591
35169848.29640611
35212482.00256849
35215655.20263989
35218575.45621969
35225077.309674844
35250193.57127187
35252561.15662871
35265741.35293365
35275874.47219916
35278348.41883645
35286190.80764351
35288480.814256795
35289419.81965962
35293249.43764837
35297878.61289476
35307350.25734204
35310093.53800304
35320322.264325276
35327020.30744942
35329507.62598356
35331808.87017811
35334288.535179235
35342434.406709954
35360121.234163605
35370166.30841478
35377503.76293764
35409093.70953711
35448490.22471728
35450170.07259595
35468758.605553135
35511254.50890744
35516608.83736713
35517101.832347885
35519172.991768084
35520642.99355171
35540612.21153953
35586411.491787754
35609844.54200144
35622378.530771635
35631534.612470426
35634280.18906681
35642494.50606889
35649854.21844554
35652850.00431354
35662523.22706519
35671413.75759883
35671876.66336841
35673420.00393574
35693477.736933425
35737416.17976016
35745997.10603964
35764733.52340703
35767290.23548124
35770897.17968123
35771952.39433708
35774850.73654438
35781125.135025695
35786453.18998797
35791873.6644466
35823961.80515827
35828480.28143538
35832280.26000012
35833161.97820179
35834397.771370724
35842332.227166265
35848156.192585595
35860490.04704261
35860750.50864471
35911557.79148461
35942513.6143267
35951512.74911118
35976225.4588194
36000690.63493664
36007611.95129953
36012197.16952712
36016373.46479044
36033020.2919744
36033404.35124064
36035332.42314393
36036274.14316178
36048635.32143826
36049322.90837539
36051054.27881802
36054340.80914023
36061535.03717619
36074506.7298502
36087164.3591512
36103160.147463165
36104127.4983212
36115856.525398895
36123047.207615085
36128284.03853107
36130220.427738555
36135147.647563964
36136953.53258327
36138034.25105943
36139115.89110827
36146994.91801112
36169150.39904762
36185029.39623478
36201856.9725265
36207946.87461529
36214797.72782586
36228382.58798042
36234662.32466513
36242211.71373677
36243634.22444178
36254213.64802699
36259415.46745151
36261482.18219231
36276158.547864266
36276772.84046444
36279381.4904191
36295770.60377304
36347024.80476704
36354512.568987615
36362949.51217795
36364062.191600576
36371959.22507916
36378993.708673835
36379814.38047657
36381644.39073396
36382010.05568845
36388970.700485125
36419578.002717115
36423264.3582393
36425930.93517173
36438437.22072734
36463958.94438603
36481743.00697035
36490494.30394648
36492688.530738264
36496793.27367195
36524233.96930084
36524463.56733665
36524535.09853332
36529152.69501573
36555329.64278062
36585468.92135243
36608788.06467536
36611872.667385615
36618248.47558235
36621315.91830148
36629191.35848896
36650800.083627135
36651338.08121479
36655064.325514406
36666830.60108218
36670674.08562083
36700876.027701914
36703980.55198954
36708400.51121722
36712912.19721396
36718526.25228352
36725597.926361166
36734545.71759588
36754312.37555013
36759057.60337888
36763983.37048545
36782191.62022057
36802223.823872164
36805436.1424696
36851458.226402745
36861779.16009014
36879744.824846014
36887395.056089126
36896733.21907075
36900178.37551108
36924491.70502174
36925746.34587354
36925942.476055555
36940142.3252615
36953888.40687885
36974720.87513481
36988598.622597784
37004930.44554916
37020154.85187002
37038659.77027322
37044740.67411272
37051893.96427928
37082441.165603206
37083936.05714601
37092883.17749592
37095711.82333581
37123383.398235895
37143981.306342095
37162847.98619698
37185500.989107825
37186586.88986839
37186799.97094191
37189329.3824208
37206648.282249115
37208696.33772299
37210854.98843339
37222841.57950258
37240224.98246414
37248379.051243275
37256769.56517762
37258892.59870517
37276711.40078086
37279676.48478812
37313758.874607705
37316591.29007155
37345256.23174593
37360442.87518126
37379363.34255204
37380163.001743324
37380990.90151184
37385635.829005376
37387488.15023294
37415558.483920276
37427228.539985366
37445406.55181629
37445544.98053548
37445850.346067324
37448878.62580835
37455521.187689774
37462832.41475872
37467436.49173999
37473780.359349534
37483550.200095624
37487814.07553287
37491123.65777371
37492403.371040225
37503698.41816815
37504882.87862961
37508777.2588527
37522164.532025084
37543343.705330126
37546820.64404226
37580295.92802122
37589663.100593135
37595142.435692646
37602929.71902988
37609712.04066036
37636339.297368415
37646104.70455825
37668725.63224316
37673226.12874401
37677992.62205877
37685287.977089725
37685531.46143774
37687051.30373316
37696759.605114445
37704021.96704797
37704990.49586135
37709575.50222522
37726246.02957915
37727153.404665455
37730396.85380931
37736546.11367302
37753370.38802063
37761760.70757001
37765202.941064484
37781270.65144921
37783278.30068975
37799088.92319667
37808911.51270283
37816597.069676325
37825771.3040593
37829801.07957781
37844457.40112177
37852825.54125779
37854870.88111654
37861944.62948116
37885765.329778634
37893450.983397596
37902310.20711167
37932655.9465705
37938272.638026685
37945944.55497773
37948942.3202451
37950030.98230903
37957013.9451087
37967888.14573852
37981922.28527487
38006856.41529435
38012922.15325111
38018355.11239384
38019483.334618405
38028750.333677456
38041486.90214055
38058720.80103149
38068845.268711336
38074685.82027205
38085200.26314359
38095121.316844895
38097349.933823064
38099801.48378055
38121046.2630882
38146036.282936156
38150016.8376142
38152324.738325745
38153225.49611033
38162899.98253542
38164738.38115516
38184518.8955329
38198525.067250706
38198647.13210249
38199144.36689758
38205188.50890009
38217098.94527057
38240370.34831713
38291039.78633164
38293219.18010732
38298960.8786695
38299767.85879238
38307218.94395296
38342467.64378241
38368135.296286896
38375116.74467115
38377733.3047958
38381135.24689082
38384731.9188768
38388200.0566799
38396384.0727626
38405404.17156515
38406609.672471
38412058.94415974
38417549.43982713
38434345.325632274
38441905.16217944
38459215.62946849
38464003.58050233
38467136.95907065
38468004.1684139
38477921.85409475
38512234.51148937
38532206.711807765
38568690.27785826
38574824.7086496
38581680.72113887
38586502.30813739
38608303.53814794
38621892.01624212
38641208.9706724
38645316.26131505
38675625.01564988
38675692.54236156
38678546.83970561
38679957.12950525
38684029.11342435
38684464.01323209
38699503.86706258
38701023.14157332
38704000.12122551
38710804.73903072
38715444.41058608
38717909.24703825
38743387.30815362
38748877.67069183
38764578.60862832
38772242.18875898
38788528.40275333
38845484.38637284
38845572.57339058
38858024.38004106
38863379.0271127
38896298.88264312
38913538.407768674
38914547.96845551
38937834.37974857
38943275.1309228
38960495.541326605
38982753.974509284
38995503.52065412
39004665.617153965
39025421.79103044
39034715.15159245
39040798.40790747
39042175.58965003
39047908.64359476
39049718.06777326
39058011.050525405
39060801.03148908
39068304.51785359
39069207.493650585
39083303.31127844
39092981.29525388
39163884.104009
39169172.83405757
39176949.33397641
39187383.12041058
39210379.41183109
39220072.69903422
39221739.73737453
39222614.50233222
39231605.10872444
39276012.79195033
39285243.25289288
39296031.34324008
39297359.24897436
39306349.947007
39316436.14187969
39329626.44506865
39337582.16280712
39351281.46158557
39354019.007992424
39357529.6188529
39397497.9777413
39409448.125736624
39412133.40436248
39439322.29172055
39441520.18102737
39446676.1021622
39457626.42754419
39459084.479594536
39480878.31075774
39486723.713909924
39488252.69168475
39510759.76553598
39523202.10433838
39527541.28345084
39538350.83359527
39540399.672690205
39563069.750640616
39581250.68562175
39586811.95810393
39608840.01166035
39610522.22694081
39611727.510115266
39626039.08696383
39636630.15037232
39640733.81417719
39646590.924465135
39655184.16501166
39657093.310257874
39659723.57575156
39674363.058154166
39702167.22963
39702300.80626052
39709219.604310356
39709267.16704958
39713735.78247817
39729791.86696793
39739888.018126376
39741233.6791581
39757990.348867245
39762106.145019054
39770115.180393495
39771570.29978799
39775895.261377536
39784548.38623656
39787946.320934415
39806117.43594796
39825281.46220927
39828886.07260084
39832236.14206336
39835345.91494469
39837462.1377593
39837815.96482174
39870003.72699127
39870966.25568084
39874305.85117824
39892961.92637381
39907009.83877865
39909812.001297005
39943465.45354175
39955339.469772875
39965023.297083
39991351.03914415
40009901.696542725
40020646.76352745
40027307.001785606
40053808.05836165
40058845.750683755
40067409.51779303
40077528.53601136
40090636.67862927
40104735.67050215
40113117.42905533
40125468.37056724
40135952.75677671
40141162.560233384
40173318.630151555
40173670.74298439
40195987.68331642
40199289.90808258
40212688.27821868
40218703.63903774
40230913.71648645
40253781.71645229
40254510.729970165
40256366.77066825
40262260.706663124
40263749.15432964
40267473.190241806
40276620.54272701
40287617.47141482
40316400.60190768
40327289.91771294
40331032.930567235
40335361.600286596
40358264.9194285
40359355.92782869
40359843.27171308
40369259.149430886
40369580.196189284
40370093.365776524
40423104.897499725
40425863.440732375
40426487.78486378
40432058.08297757
40439960.907641865
40452281.31384048
40478182.33064786
40479291.94170498
40503320.003163256
40510606.53808892
40515543.46783187
40532338.96126346
40537648.778775185
40537722.09690351
40557425.771016255
40567718.3814018
40569097.059385195
40583920.52743219
40586847.22514636
40589046.28674356
40596787.276831575
40605723.75482407
40610677.05295885
40623389.35003666
40628195.9400209
40632308.784604706
40640079.29206635
40643323.39972848
40646658.70402672
40666784.67028101
40685769.16356925
40712049.09949862
40736192.080029555
40741971.428859115
40743652.17353618
40746800.92630665
40771557.249314666
40786234.84130624
40803455.21083209
40808396.0420051
40833294.04467298
40852027.44515211
40856739.64268548
40866594.83381687
40900549.74740091
40900712.39327955
40901050.86061845
40918737.42578443
40925237.56711628
40926110.50262676
40936761.7244366
40939762.372564144
40974373.9299285
40985855.446191415
40990975.07642924
40999052.84152422
41028065.968463294
41033256.315405875
41045986.69034077
41053186.97050933
41053268.80416056
41075469.094943784
41080327.91836983
41109797.52892675
41113755.30385039
41118126.36705619
41123012.984639354
41123665.417369224
41124287.69570091
41128735.7172661
41145605.5321377
41156196.61314959
41160644.95905525
41168549.929946005
41170029.88924093
41173087.87048378
41179196.924431354
41184518.33143584
41219925.68918211
41227690.529353425
41234304.20341921
41238682.12209295
41271698.29281071
41276481.60802715
41297912.2656648
41298521.44522657
41302278.17294238
41318642.6288287
41320608.154213466
41322382.7280454
41331214.26482326
41332100.51499586
41332736.61520908
41339528.762033515
41341095.06017467
41348680.71297212
41370789.7807529
41371760.0166285
41385797.53074282
41390087.44433365
41391079.97403148
41392007.652431145
41394404.87396062
41405686.082714856
41412324.2991943
41420002.5780866
41432095.593786195
41453330.54708401
41453721.86719156
41470621.28008436
41489932.50842338
41519383.86147663
41525994.46538709
41556906.718772285
41564349.68058868
41565412.68880805
41568177.888577774
41571068.794317804
41577660.2256971
41589649.53814399
41618352.868270084
41621368.00566138
41647941.954647206
41657923.3556229
41659553.6439299
41660246.634735845
41663645.92162769
41668596.9327428
41670282.84242333
41678151.747967266
41678678.196269065
41679032.23029919
41681710.36221731
41687293.25006802
41696086.47894687
41698510.46448445
41703690.48029626
41712196.91639829
41723397.68390981
41733304.697611056
41752723.95473605
41780715.14834984
41798107.212642424
41799545.727571584
41804343.37920485
41810175.322811425
41813643.50202946
41825311.9667245
41827940.52861333
41829479.951213285
41829694.41132441
41839442.86472559
41865437.9568026
41870543.40831858
41919097.067958094
41922934.35868561
41929699.131460994
41931832.36730943
41932793.74238615
41950015.742335334
41952594.42229135
41954342.97408588
41962935.54147225
41966626.551653236
41985727.47597212
41989493.617177874
42005230.60367738
42018954.038028166
42022924.13452351
42030294.65961659
42050489.346722744
42068206.79938408
42086584.66606799
42089599.07689337
42092462.339455016
42094802.642115
42111721.40592942
42122006.354204744
42134819.3229757
42141037.50947456
42150828.49812625
42167302.234874636
42167983.99206949
42168603.47974474
42184819.593996994
42185349.97677764
42196427.49616342
42203816.724139765
42217121.53737077
42220079.86295534
42229840.51567033
42267115.04687501
42289027.33337995
42300367.80298811
42328014.12574195
42334119.543142624
42335459.02718207
42338263.41453673
42343461.96980586
42363179.45767652
42369527.71046305
42371344.604423925
42380718.03445253
42401809.385467544
42402274.72363447
42405791.48956797
42414500.96827712
42414967.503545366
42420519.08238429
42422804.34502337
42427585.1419185
42428512.38628296
42437836.4971694
42448122.59363922
42449667.37533942
42454908.07844447
42468894.5310313
42469719.92917082
42477964.79996477
